2 0.5098039215686274 0.5326797385620915 0.369281045751634 0.485838779956427
0 0.3684640522875817 0.8398692810457516 0.18790849673202614 0.06318082788671024
0 0.9256535947712419 0.7647058823529411 0.1454248366013072 0.13071895424836602
0 0.8913398692810458 0.8071895424836601 0.07352941176470588 0.15904139433551198
0 0.9673202614379085 0.8071895424836601 0.06535947712418301 0.14161220043572983
0 0.11764705882352941 0.710239651416122 0.05228758169934641 0.16122004357298475
0 0.9746732026143791 0.4923747276688453 0.05065359477124183 0.1394335511982571
0 0.803921568627451 0.3562091503267974 0.07516339869281045 0.19825708061002179
0 0.9722222222222222 0.20697167755991286 0.05228758169934641 0.04793028322440087
0 0.9125816993464052 0.020697167755991286 0.06372549019607843 0.037037037037037035
0 0.6821895424836601 0.3420479302832244 0.11274509803921569 0.18736383442265794
0 0.5236928104575164 0.1710239651416122 0.184640522875817 0.17647058823529413
0 0.4444444444444444 0.07734204793028322 0.21568627450980393 0.10675381263616558
0 0.3872549019607843 0.23202614379084968 0.10784313725490197 0.09803921568627451
0 0.29983660130718953 0.2875816993464052 0.06372549019607843 0.1786492374727669
0 0.21895424836601307 0.1895424836601307 0.08496732026143791 0.1437908496732026
0 0.29820261437908496 0.1721132897603486 0.06699346405228758 0.1830065359477124
0 0.2246732026143791 0.4553376906318083 0.14215686274509803 0.11328976034858387
0 0.25 0.7886710239651417 0.11437908496732026 0.1394335511982571
0 0.27450980392156865 0.8300653594771242 0.10457516339869281 0.10893246187363835
0 0.2238562091503268 0.8845315904139434 0.1437908496732026 0.0392156862745098
0 0.1111111111111111 0.8213507625272332 0.058823529411764705 0.19607843137254902
0 0.022058823529411766 0.8649237472766884 0.04084967320261438 0.1568627450980392
0 0.03104575163398693 0.6535947712418301 0.058823529411764705 0.09586056644880174
0 0.024509803921568627 0.39324618736383443 0.0457516339869281 0.08496732026143791
0 0.10620915032679738 0.49455337690631807 0.06209150326797386 0.16993464052287582
0 0.10702614379084967 0.2047930283224401 0.2042483660130719 0.0784313725490196
0 0.8725490196078431 0.2233115468409586 0.10784313725490197 0.1111111111111111
0 0.10947712418300654 0.2647058823529412 0.09477124183006536 0.20697167755991286
