2 0.09798270893371758 0.8875 0.07492795389048991 0.04642857142857143
2 0.30835734870317005 0.8964285714285715 0.05187319884726225 0.05
2 0.20605187319884727 0.7964285714285714 0.04899135446685879 0.05
2 0.3025936599423631 0.7821428571428571 0.040345821325648415 0.04285714285714286
2 0.17723342939481268 0.6821428571428572 0.11815561959654179 0.05
2 0.4899135446685879 0.7464285714285714 0.08069164265129683 0.07142857142857142
2 0.35446685878962536 0.6839285714285714 0.0345821325648415 0.039285714285714285
2 0.6671469740634006 0.6767857142857143 0.04899135446685879 0.039285714285714285
2 0.6095100864553314 0.7285714285714285 0.07204610951008646 0.07857142857142857
2 0.9538904899135446 0.8285714285714286 0.08645533141210375 0.04285714285714286
2 0.9106628242074928 0.7857142857142857 0.02881844380403458 0.02857142857142857
2 0.7262247838616714 0.7767857142857143 0.0345821325648415 0.03214285714285714
2 0.7939481268011528 0.7767857142857143 0.037463976945244955 0.03214285714285714
2 0.8501440922190202 0.7964285714285714 0.02881844380403458 0.03571428571428571
2 0.2838616714697406 0.6214285714285714 0.04899135446685879 0.03571428571428571
2 0.4755043227665706 0.6 0.138328530259366 0.05714285714285714
2 0.6023054755043228 0.5946428571428571 0.07492795389048991 0.075
2 0.7752161383285303 0.6517857142857143 0.06340057636887608 0.06785714285714285
2 0.8213256484149856 0.7107142857142857 0.05187319884726225 0.03571428571428571
