2 0.05187319884726225 0.2517857142857143 0.09221902017291066 0.16785714285714284
2 0.3112391930835735 0.25892857142857145 0.1729106628242075 0.11071428571428571
2 0.40057636887608067 0.09107142857142857 0.09221902017291066 0.14642857142857144
2 0.6311239193083573 0.22678571428571428 0.1440922190201729 0.20357142857142857
2 0.7694524495677233 0.2375 0.1440922190201729 0.21785714285714286
2 0.8386167146974063 0.039285714285714285 0.09221902017291066 0.05714285714285714
2 0.43515850144092216 0.3875 0.13256484149855907 0.13214285714285715
2 0.38904899135446686 0.5535714285714286 0.23054755043227665 0.10714285714285714
2 0.2017291066282421 0.6214285714285714 0.27089337175792505 0.1357142857142857
2 0.1786743515850144 0.7875 0.08645533141210375 0.10357142857142858
2 0.4668587896253602 0.6535714285714286 0.09221902017291066 0.12142857142857143
2 0.5605187319884726 0.5964285714285714 0.13544668587896252 0.08571428571428572
2 0.6628242074927954 0.6428571428571429 0.1440922190201729 0.22857142857142856
2 0.6253602305475504 0.42678571428571427 0.12680115273775217 0.14642857142857144
2 0.7435158501440923 0.3732142857142857 0.13256484149855907 0.1392857142857143
2 0.8126801152737753 0.5875 0.21902017291066284 0.225
2 0.9135446685878963 0.6946428571428571 0.09221902017291066 0.09642857142857143
2 0.7478386167146974 0.8839285714285714 0.18155619596541786 0.08928571428571429
0 0.3818443804034582 0.7714285714285715 0.09510086455331412 0.12857142857142856
