2 0.4897959183673469 0.5125 0.23979591836734693 0.3892857142857143
2 0.5076530612244898 0.8892857142857142 0.09183673469387756 0.06428571428571428
2 0.12627551020408162 0.7785714285714286 0.06377551020408163 0.12142857142857143
2 0.18494897959183673 0.6160714285714286 0.09438775510204081 0.175
2 0.30612244897959184 0.475 0.05612244897959184 0.12857142857142856
2 0.029336734693877552 0.26964285714285713 0.05357142857142857 0.1392857142857143
2 0.10204081632653061 0.39107142857142857 0.10204081632653061 0.13214285714285715
2 0.3201530612244898 0.21607142857142858 0.13520408163265307 0.125
2 0.6900510204081632 0.06607142857142857 0.10459183673469388 0.125
2 0.9119897959183674 0.1732142857142857 0.1760204081632653 0.24642857142857144
2 0.6543367346938775 0.23035714285714284 0.09438775510204081 0.11785714285714285
2 0.8073979591836735 0.32857142857142857 0.06887755102040816 0.12857142857142856
2 0.38392857142857145 0.08928571428571429 0.1096938775510204 0.12142857142857143
2 0.1326530612244898 0.16071428571428573 0.061224489795918366 0.12857142857142856
2 0.02806122448979592 0.07678571428571429 0.05102040816326531 0.08928571428571429
