0 0.4 0.16428571428571428 0.14358974358974358 0.1
0 0.37564102564102564 0.36607142857142855 0.16153846153846155 0.039285714285714285
0 0.22435897435897437 0.16964285714285715 0.12564102564102564 0.08214285714285714
0 0.6692307692307692 0.08928571428571429 0.07179487179487179 0.05714285714285714
0 0.717948717948718 0.24285714285714285 0.07692307692307693 0.15714285714285714
0 0.4807692307692308 0.3 0.1 0.06428571428571428
0 0.5820512820512821 0.6732142857142858 0.11282051282051282 0.125
0 0.8166666666666667 0.7053571428571429 0.08974358974358974 0.15357142857142858
0 0.823076923076923 0.49464285714285716 0.21025641025641026 0.15357142857142858
0 0.6371794871794871 0.45 0.03333333333333333 0.1357142857142857
0 0.6987179487179487 0.4767857142857143 0.04358974358974359 0.10357142857142858
0 0.8346153846153846 0.30357142857142855 0.12051282051282051 0.1
0 0.8653846153846154 0.09821428571428571 0.038461538461538464 0.11785714285714285
0 0.15256410256410258 0.3767857142857143 0.18205128205128204 0.11785714285714285
0 0.21025641025641026 0.4875 0.08717948717948718 0.05357142857142857
0 0.31025641025641026 0.6767857142857143 0.10256410256410256 0.11071428571428571
