0 0.8628205128205129 0.14107142857142857 0.10512820512820513 0.08928571428571429
0 0.9 0.35535714285714287 0.03076923076923077 0.10357142857142858
0 0.30512820512820515 0.7232142857142857 0.046153846153846156 0.08214285714285714
2 0.5487179487179488 0.5821428571428572 0.035897435897435895 0.04285714285714286
2 0.9692307692307692 0.8107142857142857 0.046153846153846156 0.05714285714285714
2 0.6 0.11071428571428571 0.035897435897435895 0.04285714285714286
2 0.21666666666666667 0.05178571428571429 0.03333333333333333 0.04642857142857143
2 0.30128205128205127 0.4035714285714286 0.03333333333333333 0.04285714285714286
2 0.517948717948718 0.3142857142857143 0.041025641025641026 0.03571428571428571
2 0.015384615384615385 0.38571428571428573 0.02564102564102564 0.05
2 0.06923076923076923 0.4857142857142857 0.03076923076923077 0.05
