1 0.06282051282051282 0.11785714285714285 0.12051282051282051 0.15714285714285714
1 0.1076923076923077 0.30892857142857144 0.1282051282051282 0.18928571428571428
1 0.1371794871794872 0.5321428571428571 0.1564102564102564 0.14285714285714285
1 0.16538461538461538 0.675 0.10512820512820513 0.12142857142857143
1 0.026923076923076925 0.6589285714285714 0.04871794871794872 0.1392857142857143
1 0.23205128205128206 0.35892857142857143 0.06923076923076923 0.125
1 0.4371794871794872 0.2857142857142857 0.19230769230769232 0.32142857142857145
1 0.3128205128205128 0.5339285714285714 0.13846153846153847 0.19642857142857142
1 0.8448717948717949 0.5321428571428571 0.13076923076923078 0.3
1 0.7461538461538462 0.8178571428571428 0.2205128205128205 0.22142857142857142
1 0.35128205128205126 0.8178571428571428 0.1282051282051282 0.22142857142857142
1 0.4717948717948718 0.7660714285714286 0.07179487179487179 0.09642857142857143
1 0.5474358974358975 0.8642857142857143 0.07435897435897436 0.12857142857142856
1 0.6243589743589744 0.5196428571428572 0.2128205128205128 0.21071428571428572
1 0.7512820512820513 0.08035714285714286 0.19487179487179487 0.15357142857142858
1 0.7782051282051282 0.24285714285714285 0.11025641025641025 0.11428571428571428
1 0.6461538461538462 0.28214285714285714 0.14358974358974358 0.18571428571428572
1 0.967948717948718 0.6803571428571429 0.0641025641025641 0.225
1 0.9141025641025641 0.22857142857142856 0.14102564102564102 0.1357142857142857
1 0.9692307692307692 0.37857142857142856 0.06153846153846154 0.11428571428571428
1 0.4153846153846154 0.55 0.05128205128205128 0.11428571428571428
1 0.9628205128205128 0.8785714285714286 0.07435897435897436 0.10714285714285714
1 0.2692307692307692 0.1732142857142857 0.08205128205128205 0.11785714285714285
1 0.36923076923076925 0.05178571428571429 0.1076923076923077 0.09642857142857143
