1 0.8756410256410256 0.45357142857142857 0.24871794871794872 0.37857142857142856
1 0.5576923076923077 0.3392857142857143 0.10512820512820513 0.14285714285714285
1 0.42948717948717946 0.5071428571428571 0.05897435897435897 0.1
1 0.7153846153846154 0.14107142857142857 0.08717948717948718 0.09642857142857143
1 0.4346153846153846 0.12321428571428572 0.14102564102564102 0.16071428571428573
1 0.19230769230769232 0.4232142857142857 0.08205128205128205 0.075
1 0.23846153846153847 0.575 0.06666666666666667 0.06428571428571428
1 0.1346153846153846 0.8535714285714285 0.0641025641025641 0.1
1 0.4064102564102564 0.6392857142857142 0.08461538461538462 0.10714285714285714
1 0.2358974358974359 0.7642857142857142 0.1076923076923077 0.12142857142857143
1 0.33076923076923076 0.7946428571428571 0.06153846153846154 0.10357142857142858
1 0.3974358974358974 0.8053571428571429 0.06153846153846154 0.075
1 0.1 0.525 0.046153846153846156 0.06428571428571428
2 0.26282051282051283 0.15178571428571427 0.04358974358974359 0.08214285714285714
2 0.9358974358974359 0.7714285714285715 0.05641025641025641 0.06428571428571428
2 0.23076923076923078 0.2767857142857143 0.035897435897435895 0.039285714285714285
2 0.926923076923077 0.425 0.03333333333333333 0.04285714285714286
