1 0.49743589743589745 0.5357142857142857 0.18974358974358974 0.18571428571428572
1 0.4666666666666667 0.1392857142857143 0.09230769230769231 0.09285714285714286
1 0.21025641025641026 0.8464285714285714 0.2512820512820513 0.16428571428571428
1 0.30128205128205127 0.7232142857142857 0.05897435897435897 0.075
1 0.03461538461538462 0.725 0.0641025641025641 0.1
1 0.09102564102564102 0.2839285714285714 0.05384615384615385 0.06785714285714285
1 0.028205128205128206 0.2857142857142857 0.05128205128205128 0.11428571428571428
1 0.09487179487179487 0.15892857142857142 0.16923076923076924 0.13214285714285715
1 0.18846153846153846 0.05357142857142857 0.11025641025641025 0.1
1 0.24743589743589745 0.2125 0.038461538461538464 0.05357142857142857
1 0.39871794871794874 0.22857142857142856 0.028205128205128206 0.03571428571428571
