1 0.24871794871794872 0.2642857142857143 0.09230769230769231 0.17857142857142858
1 0.07051282051282051 0.36964285714285716 0.1358974358974359 0.49642857142857144
1 0.1064102564102564 0.7357142857142858 0.09487179487179487 0.15
1 0.19487179487179487 0.5857142857142857 0.07692307692307693 0.11428571428571428
1 0.3141025641025641 0.6375 0.17692307692307693 0.3392857142857143
1 0.16666666666666666 0.8946428571428572 0.06153846153846154 0.06785714285714285
1 0.5512820512820513 0.6267857142857143 0.10256410256410256 0.16071428571428573
1 0.5487179487179488 0.7946428571428571 0.08717948717948718 0.14642857142857144
1 0.6666666666666666 0.7982142857142858 0.08205128205128205 0.15357142857142858
1 0.7833333333333333 0.7285714285714285 0.11025641025641025 0.2785714285714286
1 0.9282051282051282 0.6821428571428572 0.07179487179487179 0.15
1 0.8179487179487179 0.15535714285714286 0.18974358974358974 0.29642857142857143
1 0.6115384615384616 0.2767857142857143 0.16666666666666666 0.3535714285714286
1 0.37948717948717947 0.14464285714285716 0.1076923076923077 0.20357142857142857
1 0.46025641025641023 0.3875 0.14615384615384616 0.26785714285714285
