1 0.31613756613756616 0.5678571428571428 0.10317460317460317 0.17857142857142858
1 0.548941798941799 0.49107142857142855 0.0873015873015873 0.10357142857142858
1 0.11507936507936507 0.7375 0.06613756613756613 0.09642857142857143
1 0.24735449735449735 0.7160714285714286 0.05026455026455026 0.08214285714285714
1 0.6812169312169312 0.3678571428571429 0.082010582010582 0.12857142857142856
1 0.7764550264550265 0.43214285714285716 0.07142857142857142 0.09285714285714286
1 0.7592592592592593 0.6375 0.15873015873015872 0.14642857142857144
1 0.9193121693121693 0.6285714285714286 0.082010582010582 0.08571428571428572
1 0.9007936507936508 0.5017857142857143 0.06613756613756613 0.08214285714285714
1 0.8902116402116402 0.37142857142857144 0.07671957671957672 0.09285714285714286
1 0.6838624338624338 0.24642857142857144 0.07142857142857142 0.07142857142857142
1 0.7116402116402116 0.4767857142857143 0.05291005291005291 0.06785714285714285
1 0.7817460317460317 0.29642857142857143 0.09259259259259259 0.12857142857142856
1 0.8306878306878307 0.05357142857142857 0.07936507936507936 0.07857142857142857
1 0.8333333333333334 0.14285714285714285 0.06349206349206349 0.06428571428571428
1 0.8412698412698413 0.45 0.0582010582010582 0.07857142857142857
1 0.6150793650793651 0.6 0.06613756613756613 0.07857142857142857
1 0.5013227513227513 0.7375 0.06084656084656084 0.08928571428571429
