1 0.09848484848484848 0.5517857142857143 0.16233766233766234 0.15357142857142858
1 0.19480519480519481 0.21785714285714286 0.05627705627705628 0.12857142857142856
1 0.30844155844155846 0.23214285714285715 0.13636363636363635 0.12857142857142856
1 0.487012987012987 0.23035714285714284 0.09956709956709957 0.11785714285714285
1 0.49134199134199136 0.37857142857142856 0.11255411255411256 0.14285714285714285
1 0.27380952380952384 0.6142857142857143 0.07575757575757576 0.09285714285714286
1 0.3041125541125541 0.7875 0.07575757575757576 0.16785714285714284
1 0.38636363636363635 0.6803571428571429 0.07575757575757576 0.08928571428571429
1 0.538961038961039 0.7375 0.05194805194805195 0.08214285714285714
1 0.5638528138528138 0.5785714285714286 0.0670995670995671 0.10714285714285714
1 0.7586580086580087 0.6428571428571429 0.11471861471861472 0.14285714285714285
1 0.8257575757575758 0.7142857142857143 0.06277056277056277 0.10714285714285714
1 0.8203463203463204 0.2375 0.1038961038961039 0.20357142857142857
1 0.961038961038961 0.2875 0.05627705627705628 0.09642857142857143
1 0.9772727272727273 0.7767857142857143 0.045454545454545456 0.08214285714285714
1 0.31926406926406925 0.40535714285714286 0.06277056277056277 0.08928571428571429
1 0.3430735930735931 0.32857142857142857 0.049783549783549784 0.06428571428571428
1 0.6244588744588745 0.65 0.07142857142857142 0.07857142857142857
2 0.7164502164502164 0.15892857142857142 0.05194805194805195 0.11785714285714285
2 0.15151515151515152 0.24464285714285713 0.03896103896103896 0.09642857142857143
2 0.20346320346320346 0.5625 0.07792207792207792 0.075
2 0.23376623376623376 0.4357142857142857 0.04329004329004329 0.09285714285714286
2 0.29004329004329005 0.4 0.03896103896103896 0.07857142857142857
2 0.36688311688311687 0.7642857142857142 0.08008658008658008 0.09285714285714286
2 0.6883116883116883 0.8035714285714286 0.05194805194805195 0.10714285714285714
2 0.829004329004329 0.8125 0.07792207792207792 0.075
2 0.8603896103896104 0.8785714285714286 0.045454545454545456 0.06428571428571428
2 0.9729437229437229 0.8482142857142857 0.05411255411255411 0.075
2 0.9242424242424242 0.6339285714285714 0.06060606060606061 0.08928571428571429
2 0.9729437229437229 0.6089285714285714 0.04112554112554113 0.075
2 0.5854978354978355 0.6696428571428571 0.02813852813852814 0.11785714285714285
2 0.9686147186147186 0.3732142857142857 0.06277056277056277 0.10357142857142858
2 0.9242424242424242 0.075 0.03896103896103896 0.05714285714285714
0 0.461038961038961 0.5214285714285715 0.1038961038961039 0.16428571428571428
