1 0.046153846153846156 0.16428571428571428 0.07179487179487179 0.12857142857142856
1 0.21794871794871795 0.3607142857142857 0.06666666666666667 0.11428571428571428
1 0.2012820512820513 0.45535714285714285 0.04871794871794872 0.06785714285714285
1 0.2358974358974359 0.5303571428571429 0.06153846153846154 0.075
1 0.30128205128205127 0.7946428571428571 0.08974358974358974 0.11071428571428571
1 0.3141025641025641 0.5428571428571428 0.08461538461538462 0.2
1 0.32051282051282054 0.33035714285714285 0.10256410256410256 0.21785714285714286
1 0.40897435897435896 0.35714285714285715 0.07948717948717948 0.10714285714285714
1 0.5846153846153846 0.2767857142857143 0.13846153846153847 0.11785714285714285
1 0.39871794871794874 0.5267857142857143 0.08974358974358974 0.13214285714285715
1 0.8307692307692308 0.4089285714285714 0.08717948717948718 0.09642857142857143
1 0.8474358974358974 0.5517857142857143 0.04871794871794872 0.060714285714285714
1 0.8974358974358975 0.7160714285714286 0.07692307692307693 0.13214285714285715
1 0.9435897435897436 0.6089285714285714 0.046153846153846156 0.04642857142857143
1 0.4756410256410256 0.4642857142857143 0.09487179487179487 0.12142857142857143
1 0.5487179487179488 0.4660714285714286 0.046153846153846156 0.075
1 0.5961538461538461 0.4517857142857143 0.07435897435897436 0.10357142857142858
1 0.6730769230769231 0.4875 0.07435897435897436 0.075
1 0.7064102564102565 0.4160714285714286 0.05897435897435897 0.075
1 0.46025641025641023 0.5714285714285714 0.08461538461538462 0.1
1 0.5089743589743589 0.6732142857142858 0.258974358974359 0.09642857142857143
1 0.7038461538461539 0.6982142857142857 0.11025641025641025 0.175
1 0.7307692307692307 0.5696428571428571 0.05641025641025641 0.08928571428571429
1 0.5641025641025641 0.5625 0.07179487179487179 0.08214285714285714
1 0.6512820512820513 0.5660714285714286 0.08205128205128205 0.08214285714285714
