1 0.22435897435897437 0.6321428571428571 0.16153846153846155 0.14285714285714285
1 0.23717948717948717 0.8214285714285714 0.10512820512820513 0.12142857142857143
1 0.03076923076923077 0.4446428571428571 0.05641025641025641 0.10357142857142858
1 0.09615384615384616 0.4035714285714286 0.08461538461538462 0.12142857142857143
1 0.08461538461538462 0.22857142857142856 0.1641025641025641 0.18571428571428572
1 0.36153846153846153 0.09642857142857143 0.3282051282051282 0.17857142857142858
1 0.8833333333333333 0.5285714285714286 0.1717948717948718 0.22142857142857142
1 0.7551282051282051 0.42678571428571427 0.1 0.18214285714285713
1 0.7923076923076923 0.21071428571428572 0.07179487179487179 0.1
1 0.8461538461538461 0.10892857142857143 0.08717948717948718 0.08928571428571429
1 0.7935897435897435 0.675 0.1358974358974359 0.17857142857142858
1 0.8910256410256411 0.03214285714285714 0.04871794871794872 0.05714285714285714
1 0.9756410256410256 0.08214285714285714 0.04358974358974359 0.05714285714285714
1 0.09230769230769231 0.05357142857142857 0.15384615384615385 0.1
1 0.6089743589743589 0.10535714285714286 0.14102564102564102 0.11071428571428571
1 0.6064102564102564 0.6803571428571429 0.2076923076923077 0.19642857142857142
1 0.33974358974358976 0.48928571428571427 0.12051282051282051 0.1357142857142857
1 0.47307692307692306 0.4928571428571429 0.12564102564102564 0.15
1 0.5666666666666667 0.49107142857142855 0.11794871794871795 0.15357142857142858
1 0.6641025641025641 0.36607142857142855 0.1076923076923077 0.1392857142857143
1 0.5487179487179488 0.33035714285714285 0.11794871794871795 0.1392857142857143
1 0.25256410256410255 0.30714285714285716 0.18717948717948718 0.2357142857142857
1 0.41410256410256413 0.3107142857142857 0.16153846153846155 0.10714285714285714
1 0.42948717948717946 0.20535714285714285 0.16666666666666666 0.08928571428571429
1 0.34615384615384615 0.48928571428571427 0.1076923076923077 0.12857142857142856
1 0.3576923076923077 0.6160714285714286 0.09487179487179487 0.08214285714285714
1 0.45256410256410257 0.6732142857142858 0.1 0.18928571428571428
