1 0.23919308357348704 0.10178571428571428 0.12680115273775217 0.11785714285714285
1 0.45821325648414984 0.33035714285714285 0.1844380403458213 0.26785714285714285
1 0.7276657060518732 0.39464285714285713 0.15273775216138327 0.19642857142857142
1 0.7305475504322767 0.13392857142857142 0.17579250720461095 0.175
1 0.9193083573487032 0.21607142857142858 0.16138328530259366 0.26785714285714285
1 0.08501440922190202 0.6017857142857143 0.1642651296829971 0.325
1 0.21902017291066284 0.3267857142857143 0.12680115273775217 0.23214285714285715
1 0.5172910662824207 0.7892857142857143 0.1930835734870317 0.2642857142857143
1 0.19452449567723343 0.8785714285714286 0.10086455331412104 0.09285714285714286
1 0.33861671469740634 0.5714285714285714 0.0893371757925072 0.11428571428571428
1 0.5878962536023055 0.5714285714285714 0.1786743515850144 0.19285714285714287
1 0.8746397694524496 0.6375 0.23919308357348704 0.14642857142857144
1 0.840057636887608 0.8285714285714286 0.2276657060518732 0.17857142857142858
1 0.043227665706051875 0.19642857142857142 0.08069164265129683 0.3
1 0.12536023054755044 0.39107142857142857 0.07780979827089338 0.08928571428571429
