1 0.5504322766570605 0.05 0.12103746397694524 0.09285714285714286
1 0.6786743515850144 0.19642857142857142 0.12968299711815562 0.22142857142857142
1 0.6743515850144092 0.49107142857142855 0.2420749279538905 0.20357142857142857
1 0.42219020172910665 0.21964285714285714 0.1642651296829971 0.125
1 0.5605187319884726 0.30357142857142855 0.0893371757925072 0.12857142857142856
1 0.2824207492795389 0.6785714285714286 0.29971181556195964 0.4928571428571429
1 0.13688760806916425 0.3625 0.07204610951008646 0.06785714285714285
1 0.26945244956772335 0.1982142857142857 0.05475504322766571 0.06785714285714285
1 0.8530259365994236 0.5928571428571429 0.069164265129683 0.06428571428571428
2 0.07492795389048991 0.5142857142857142 0.0345821325648415 0.05714285714285714
2 0.6642651296829971 0.49464285714285716 0.043227665706051875 0.039285714285714285
2 0.6585014409221902 0.3535714285714286 0.037463976945244955 0.05
