1 0.2423076923076923 0.3964285714285714 0.05897435897435897 0.07857142857142857
1 0.2512820512820513 0.5125 0.05641025641025641 0.08214285714285714
1 0.3192307692307692 0.5107142857142857 0.05897435897435897 0.09285714285714286
1 0.4564102564102564 0.49642857142857144 0.14358974358974358 0.14285714285714285
1 0.5012820512820513 0.6017857142857143 0.05384615384615385 0.06785714285714285
1 0.7192307692307692 0.39285714285714285 0.11538461538461539 0.07142857142857142
1 0.7423076923076923 0.07857142857142857 0.1 0.10714285714285714
1 0.8115384615384615 0.16071428571428573 0.04358974358974359 0.04285714285714286
1 0.9423076923076923 0.039285714285714285 0.06923076923076923 0.04285714285714286
1 0.6410256410256411 0.5357142857142857 0.05128205128205128 0.07142857142857142
1 0.7551282051282051 0.30892857142857144 0.038461538461538464 0.04642857142857143
1 0.5512820512820513 0.2910714285714286 0.035897435897435895 0.04642857142857143
