1 0.12536023054755044 0.8678571428571429 0.11815561959654179 0.12142857142857143
1 0.26368876080691644 0.875 0.08357348703170028 0.10714285714285714
1 0.3515850144092219 0.8910714285714286 0.06340057636887608 0.05357142857142857
1 0.6642651296829971 0.8285714285714286 0.12968299711815562 0.16428571428571428
1 0.4596541786743516 0.5892857142857143 0.1585014409221902 0.17142857142857143
1 0.15994236311239193 0.4035714285714286 0.1239193083573487 0.2
1 0.760806916426513 0.4767857142857143 0.15561959654178675 0.08928571428571429
1 0.7175792507204611 0.6053571428571428 0.12103746397694524 0.08214285714285714
1 0.829971181556196 0.7553571428571428 0.12103746397694524 0.13214285714285715
1 0.9337175792507204 0.16964285714285715 0.13256484149855907 0.2392857142857143
1 0.7564841498559077 0.3339285714285714 0.08357348703170028 0.075
1 0.7132564841498559 0.13035714285714287 0.13544668587896252 0.09642857142857143
1 0.2334293948126801 0.6607142857142857 0.06340057636887608 0.07857142857142857
1 0.0792507204610951 0.11964285714285715 0.06628242074927954 0.11071428571428571
1 0.5259365994236311 0.3678571428571429 0.11239193083573487 0.11428571428571428
1 0.41210374639769454 0.40535714285714286 0.08645533141210375 0.10357142857142858
1 0.2824207492795389 0.34285714285714286 0.1037463976945245 0.12142857142857143
1 0.0345821325648415 0.2767857142857143 0.05763688760806916 0.08214285714285714
1 0.2737752161383285 0.18214285714285713 0.23054755043227665 0.12142857142857143
1 0.7103746397694525 0.6928571428571428 0.06628242074927954 0.07142857142857142
1 0.5446685878962536 0.7946428571428571 0.05187319884726225 0.05357142857142857
1 0.6152737752161384 0.2375 0.06051873198847262 0.11785714285714285
