0 0.3762755102040816 0.41964285714285715 0.5127551020408163 0.16071428571428573
0 0.08163265306122448 0.3410714285714286 0.10714285714285714 0.05357142857142857
0 0.28188775510204084 0.2767857142857143 0.13010204081632654 0.08214285714285714
0 0.4387755102040816 0.25 0.1326530612244898 0.05
0 0.14923469387755103 0.21071428571428572 0.2780612244897959 0.1
0 0.5471938775510204 0.14464285714285716 0.08928571428571429 0.08214285714285714
0 0.23469387755102042 0.09107142857142857 0.10714285714285714 0.09642857142857143
0 0.30357142857142855 0.7535714285714286 0.20918367346938777 0.19285714285714287
0 0.4489795918367347 0.9071428571428571 0.08163265306122448 0.04285714285714286
0 0.5063775510204082 0.725 0.23214285714285715 0.19285714285714287
0 0.5535714285714286 0.5785714285714286 0.12244897959183673 0.08571428571428572
0 0.5956632653061225 0.6 0.2423469387755102 0.14285714285714285
0 0.7066326530612245 0.7982142857142858 0.16326530612244897 0.21071428571428572
0 0.7857142857142857 0.5964285714285714 0.07142857142857142 0.18571428571428572
0 0.9209183673469388 0.675 0.15306122448979592 0.09285714285714286
0 0.9336734693877551 0.8071428571428572 0.1326530612244898 0.17142857142857143
0 0.7653061224489796 0.44285714285714284 0.1836734693877551 0.06428571428571428
0 0.8903061224489796 0.4357142857142857 0.08163265306122448 0.05714285714285714
0 0.951530612244898 0.5446428571428571 0.09693877551020408 0.10357142857142858
0 0.7946428571428571 0.32142857142857145 0.06377551020408163 0.05714285714285714
0 0.8584183673469388 0.2785714285714286 0.04846938775510204 0.07857142857142857
2 0.45790816326530615 0.8303571428571429 0.125 0.08928571428571429
2 0.3469387755102041 0.7178571428571429 0.11224489795918367 0.10714285714285714
2 0.7385204081632653 0.7696428571428572 0.058673469387755105 0.08214285714285714
2 0.6913265306122449 0.8785714285714286 0.14285714285714285 0.09285714285714286
2 0.6913265306122449 0.4642857142857143 0.12244897959183673 0.06428571428571428
2 0.6530612244897959 0.5982142857142857 0.07142857142857142 0.06785714285714285
2 0.826530612244898 0.8321428571428572 0.10714285714285714 0.12857142857142856
