0 0.22865013774104684 0.8839285714285714 0.11570247933884298 0.08928571428571429
0 0.13085399449035812 0.5089285714285714 0.15151515151515152 0.03214285714285714
0 0.31267217630853994 0.6 0.15151515151515152 0.04285714285714286
0 0.5344352617079889 0.8339285714285715 0.2809917355371901 0.18928571428571428
0 0.6763085399449036 0.7089285714285715 0.4380165289256198 0.4392857142857143
0 0.8278236914600551 0.5392857142857143 0.14600550964187328 0.4357142857142857
0 0.931129476584022 0.5464285714285714 0.13774104683195593 0.14285714285714285
0 0.11294765840220386 0.3464285714285714 0.1046831955922865 0.17142857142857143
0 0.4022038567493113 0.3875 0.3415977961432507 0.19642857142857142
0 0.5674931129476584 0.3267857142857143 0.4022038567493113 0.06785714285714285
0 0.3140495867768595 0.10535714285714286 0.31955922865013775 0.10357142857142858
0 0.9132231404958677 0.23214285714285715 0.17355371900826447 0.08571428571428572
0 0.8016528925619835 0.11071428571428571 0.06611570247933884 0.05714285714285714
0 0.4807162534435262 0.033928571428571426 0.12396694214876033 0.060714285714285714
2 0.2162534435261708 0.4517857142857143 0.1184573002754821 0.08928571428571429
2 0.721763085399449 0.8589285714285714 0.049586776859504134 0.11071428571428571
2 0.7644628099173554 0.8428571428571429 0.06887052341597796 0.10714285714285714
2 0.8181818181818182 0.8571428571428571 0.03856749311294766 0.11428571428571428
2 0.8691460055096418 0.8303571428571429 0.09090909090909091 0.08928571428571429
2 0.6212121212121212 0.5767857142857142 0.10192837465564739 0.13214285714285715
