0 0.33589743589743587 0.23214285714285715 0.49743589743589745 0.22142857142857142
0 0.7397435897435898 0.5178571428571429 0.23846153846153847 0.42142857142857143
0 0.8564102564102564 0.14642857142857144 0.08205128205128205 0.12857142857142856
0 0.9435897435897436 0.1125 0.08205128205128205 0.04642857142857143
0 0.9 0.04285714285714286 0.05641025641025641 0.07857142857142857
2 0.5551282051282052 0.8910714285714286 0.05897435897435897 0.075
2 0.5576923076923077 0.7910714285714285 0.05384615384615385 0.075
2 0.21923076923076923 0.5767857142857142 0.05897435897435897 0.05357142857142857
2 0.09230769230769231 0.5875 0.035897435897435895 0.060714285714285714
0 0.14102564102564102 0.5339285714285714 0.05128205128205128 0.08928571428571429
2 0.7935897435897435 0.5821428571428572 0.05384615384615385 0.1
1 0.07435897435897436 0.8142857142857143 0.035897435897435895 0.05
0 0.7115384615384616 0.4 0.3923076923076923 0.21428571428571427
