2 0.029487179487179487 0.10535714285714286 0.05384615384615385 0.13214285714285715
2 0.08076923076923077 0.41964285714285715 0.1564102564102564 0.10357142857142858
2 0.22948717948717948 0.3607142857142857 0.18205128205128204 0.1357142857142857
2 0.1858974358974359 0.22857142857142856 0.2128205128205128 0.12857142857142856
2 0.14871794871794872 0.11071428571428571 0.12307692307692308 0.10714285714285714
2 0.1717948717948718 0.030357142857142857 0.13846153846153847 0.05357142857142857
2 0.15256410256410258 0.5464285714285714 0.2076923076923077 0.15
2 0.12564102564102564 0.6767857142857143 0.19487179487179487 0.19642857142857142
2 0.3243589743589744 0.6571428571428571 0.16153846153846155 0.24285714285714285
2 0.37435897435897436 0.06785714285714285 0.18461538461538463 0.12857142857142856
2 0.43974358974358974 0.033928571428571426 0.11025641025641025 0.060714285714285714
2 0.4166666666666667 0.21964285714285714 0.1564102564102564 0.11785714285714285
2 0.3474358974358974 0.2767857142857143 0.07435897435897436 0.08214285714285714
2 0.43846153846153846 0.45 0.2 0.19285714285714287
2 0.517948717948718 0.32142857142857145 0.14358974358974358 0.11428571428571428
2 0.46025641025641023 0.8017857142857143 0.23333333333333334 0.18928571428571428
2 0.4897435897435897 0.6107142857142858 0.17435897435897435 0.18571428571428572
2 0.75 0.6535714285714286 0.19743589743589743 0.19285714285714287
2 0.6884615384615385 0.45535714285714285 0.1564102564102564 0.15357142857142858
2 0.8910256410256411 0.5178571428571429 0.21794871794871795 0.22142857142857142
2 0.9333333333333333 0.30178571428571427 0.1282051282051282 0.16071428571428573
2 0.808974358974359 0.31785714285714284 0.16153846153846155 0.21428571428571427
2 0.6217948717948718 0.22678571428571428 0.25384615384615383 0.13214285714285715
2 0.6025641025641025 0.08214285714285714 0.14871794871794872 0.15714285714285714
2 0.8282051282051283 0.17142857142857143 0.1076923076923077 0.1
2 0.9833333333333333 0.16964285714285715 0.03333333333333333 0.060714285714285714
2 0.9064102564102564 0.05892857142857143 0.18205128205128204 0.11071428571428571
2 0.7589743589743589 0.06785714285714285 0.15384615384615385 0.12857142857142856
