2 0.06794871794871794 0.1732142857142857 0.13076923076923078 0.175
2 0.05 0.4375 0.09487179487179487 0.21071428571428572
2 0.05641025641025641 0.7785714285714286 0.1076923076923077 0.2571428571428571
2 0.23076923076923078 0.8160714285714286 0.28205128205128205 0.225
2 0.27692307692307694 0.5482142857142858 0.2205128205128205 0.3107142857142857
2 0.2012820512820513 0.2017857142857143 0.2282051282051282 0.23214285714285715
2 0.30512820512820515 0.026785714285714284 0.13846153846153847 0.04642857142857143
2 0.46153846153846156 0.1732142857142857 0.2153846153846154 0.26785714285714285
2 0.4705128205128205 0.38571428571428573 0.17692307692307693 0.19285714285714287
2 0.48846153846153845 0.7482142857142857 0.1358974358974359 0.21071428571428572
2 0.5435897435897435 0.8910714285714286 0.06666666666666667 0.075
2 0.6717948717948717 0.36428571428571427 0.19487179487179487 0.22142857142857142
2 0.8012820512820513 0.09107142857142857 0.1564102564102564 0.175
2 0.9717948717948718 0.125 0.05128205128205128 0.24285714285714285
2 0.8961538461538462 0.4089285714285714 0.20256410256410257 0.25357142857142856
2 0.7307692307692307 0.6821428571428572 0.16923076923076924 0.32857142857142857
2 0.8615384615384616 0.85 0.2 0.15714285714285714
