1 0.11666666666666667 0.08571428571428572 0.19743589743589743 0.16428571428571428
1 0.37051282051282053 0.30178571428571427 0.2128205128205128 0.18928571428571428
1 0.2641025641025641 0.7017857142857142 0.06666666666666667 0.075
1 0.3282051282051282 0.85 0.11282051282051282 0.15
1 0.13205128205128205 0.8375 0.1564102564102564 0.18214285714285713
1 0.7282051282051282 0.3125 0.13846153846153847 0.125
1 0.7923076923076923 0.14642857142857144 0.1076923076923077 0.12142857142857143
1 0.9217948717948717 0.07142857142857142 0.1564102564102564 0.1357142857142857
1 0.9179487179487179 0.475 0.06666666666666667 0.15
1 0.5461538461538461 0.6571428571428571 0.10256410256410256 0.22142857142857142
1 0.6423076923076924 0.8196428571428571 0.10512820512820513 0.14642857142857144
1 0.6679487179487179 0.6803571428571429 0.09487179487179487 0.11785714285714285
1 0.5243589743589744 0.3964285714285714 0.07948717948717948 0.17857142857142858
1 0.12692307692307692 0.38392857142857145 0.2076923076923077 0.19642857142857142
