1 0.021794871794871794 0.5660714285714286 0.038461538461538464 0.060714285714285714
1 0.4256410256410256 0.5482142857142858 0.06153846153846154 0.075
1 0.632051282051282 0.40714285714285714 0.11538461538461539 0.18571428571428572
1 0.7717948717948718 0.8392857142857143 0.15897435897435896 0.12142857142857143
1 0.4717948717948718 0.775 0.05128205128205128 0.05714285714285714
1 0.18461538461538463 0.7910714285714285 0.07179487179487179 0.09642857142857143
1 0.057692307692307696 0.6196428571428572 0.05897435897435897 0.060714285714285714
1 0.17692307692307693 0.5660714285714286 0.05641025641025641 0.075
1 0.25 0.7107142857142857 0.04358974358974359 0.07142857142857142
1 0.2987179487179487 0.7178571428571429 0.04358974358974359 0.05714285714285714
1 0.31025641025641026 0.6464285714285715 0.1076923076923077 0.07857142857142857
1 0.5051282051282051 0.5553571428571429 0.06153846153846154 0.08928571428571429
1 0.5538461538461539 0.7660714285714286 0.06153846153846154 0.05357142857142857
1 0.5012820512820513 0.8464285714285714 0.05897435897435897 0.05714285714285714
1 0.6538461538461539 0.725 0.10256410256410256 0.07142857142857142
1 0.3923076923076923 0.14464285714285716 0.19487179487179487 0.08214285714285714
1 0.8615384615384616 0.4785714285714286 0.09230769230769231 0.12857142857142856
1 0.95 0.48392857142857143 0.04871794871794872 0.075
1 0.9743589743589743 0.3607142857142857 0.041025641025641026 0.07142857142857142
1 0.8987179487179487 0.6142857142857143 0.04358974358974359 0.05
1 0.9435897435897436 0.7875 0.07692307692307693 0.08928571428571429
1 0.6615384615384615 0.20357142857142857 0.035897435897435895 0.03571428571428571
1 0.3974358974358974 0.33214285714285713 0.1282051282051282 0.12857142857142856
1 0.5282051282051282 0.39464285714285713 0.07692307692307693 0.16785714285714284
1 0.052564102564102565 0.3196428571428571 0.08974358974358974 0.1392857142857143
1 0.1282051282051282 0.4160714285714286 0.041025641025641026 0.10357142857142858
1 0.1141025641025641 0.6857142857142857 0.08974358974358974 0.09285714285714286
2 0.4064102564102564 0.7071428571428572 0.0641025641025641 0.16428571428571428
2 0.8153846153846154 0.6607142857142857 0.2153846153846154 0.15714285714285714
