1 0.27521613832853026 0.1875 0.10086455331412104 0.10357142857142858
1 0.27521613832853026 0.3107142857142857 0.13544668587896252 0.1357142857142857
1 0.10086455331412104 0.6571428571428571 0.1037463976945245 0.16428571428571428
1 0.06195965417867435 0.4642857142857143 0.11815561959654179 0.2642857142857143
1 0.20317002881844382 0.5696428571428571 0.1988472622478386 0.3392857142857143
1 0.03170028818443804 0.7357142857142858 0.05763688760806916 0.22142857142857142
1 0.4697406340057637 0.08035714285714286 0.11527377521613832 0.14642857142857144
1 0.622478386167147 0.09464285714285714 0.13256484149855907 0.13214285714285715
1 0.8054755043227666 0.09285714285714286 0.14697406340057637 0.17857142857142858
1 0.9582132564841499 0.16428571428571428 0.08357348703170028 0.2
1 0.840057636887608 0.29285714285714287 0.15273775216138327 0.17857142857142858
1 0.8285302593659942 0.43214285714285716 0.14697406340057637 0.12142857142857143
1 0.521613832853026 0.32857142857142857 0.29971181556195964 0.3142857142857143
1 0.3746397694524496 0.5857142857142857 0.1440922190201729 0.22142857142857142
1 0.9250720461095101 0.8875 0.069164265129683 0.08214285714285714
1 0.3659942363112392 0.8303571428571429 0.2478386167146974 0.19642857142857142
1 0.6455331412103746 0.8285714285714286 0.30547550432276654 0.2
1 0.7550432276657061 0.5946428571428571 0.23631123919308358 0.25357142857142856
1 0.5461095100864554 0.6 0.21037463976945245 0.24285714285714285
