1 0.18461538461538463 0.5696428571428571 0.06153846153846154 0.08928571428571429
1 0.37435897435897436 0.03214285714285714 0.07179487179487179 0.05714285714285714
1 0.16282051282051282 0.10178571428571428 0.16153846153846155 0.19642857142857142
1 0.43333333333333335 0.1357142857142857 0.06153846153846154 0.09285714285714286
1 0.7371794871794872 0.37142857142857144 0.4076923076923077 0.4785714285714286
1 0.6948717948717948 0.8303571428571429 0.07179487179487179 0.08928571428571429
1 0.3423076923076923 0.6017857142857143 0.0641025641025641 0.11071428571428571
1 0.9743589743589743 0.4142857142857143 0.05128205128205128 0.2714285714285714
1 0.8615384615384616 0.8785714285714286 0.15897435897435896 0.1
1 0.9141025641025641 0.7142857142857143 0.1717948717948718 0.15
