1 0.06794871794871794 0.2571428571428571 0.12051282051282051 0.1357142857142857
1 0.14871794871794872 0.4767857142857143 0.06666666666666667 0.10357142857142858
1 0.3038461538461538 0.8035714285714286 0.2230769230769231 0.20714285714285716
1 0.2948717948717949 0.5339285714285714 0.18461538461538463 0.18928571428571428
1 0.35128205128205126 0.10357142857142858 0.09230769230769231 0.1357142857142857
1 0.5307692307692308 0.14107142857142857 0.20512820512820512 0.16785714285714284
1 0.8 0.18035714285714285 0.15897435897435896 0.13214285714285715
1 0.7051282051282052 0.45 0.09743589743589744 0.12857142857142856
1 0.764102564102564 0.6321428571428571 0.16923076923076924 0.2785714285714286
1 0.9371794871794872 0.6607142857142857 0.12564102564102564 0.36428571428571427
1 0.6205128205128205 0.5446428571428571 0.07179487179487179 0.08928571428571429
1 0.46282051282051284 0.6232142857142857 0.10512820512820513 0.11071428571428571
1 0.47435897435897434 0.7339285714285714 0.12307692307692308 0.09642857142857143
1 0.2358974358974359 0.35892857142857143 0.13846153846153847 0.14642857142857144
0 0.11923076923076924 0.24642857142857144 0.04871794871794872 0.16428571428571428
2 0.8858974358974359 0.8732142857142857 0.04871794871794872 0.11785714285714285
2 0.95 0.7482142857142857 0.03333333333333333 0.060714285714285714
