0 0.2630057803468208 0.3107142857142857 0.1676300578034682 0.12142857142857143
0 0.06358381502890173 0.3821428571428571 0.11560693641618497 0.17142857142857143
0 0.18497109826589594 0.055357142857142855 0.2543352601156069 0.10357142857142858
0 0.407514450867052 0.10714285714285714 0.1676300578034682 0.16428571428571428
0 0.7341040462427746 0.03214285714285714 0.2658959537572254 0.03571428571428571
0 0.5751445086705202 0.08035714285714286 0.26011560693641617 0.075
0 0.2514450867052023 0.5267857142857143 0.09826589595375723 0.16785714285714284
0 0.0953757225433526 0.6357142857142857 0.1791907514450867 0.18571428571428572
0 0.12138728323699421 0.8375 0.15028901734104047 0.18214285714285713
0 0.3236994219653179 0.8410714285714286 0.16184971098265896 0.18214285714285713
0 0.5549132947976878 0.3375 0.3236994219653179 0.18928571428571428
0 0.869942196531792 0.6607142857142857 0.26011560693641617 0.4
0 0.638728323699422 0.6339285714285714 0.2023121387283237 0.11785714285714285
0 0.8526011560693642 0.24821428571428572 0.2832369942196532 0.1392857142857143
0 0.8901734104046243 0.16607142857142856 0.21965317919075145 0.09642857142857143
0 0.8583815028901735 0.3875 0.2832369942196532 0.1392857142857143
0 0.7976878612716763 0.5767857142857142 0.11560693641618497 0.225
0 0.9219653179190751 0.7553571428571428 0.15606936416184972 0.175
0 0.791907514450867 0.7821428571428571 0.10404624277456648 0.2
0 0.5722543352601156 0.4875 0.2543352601156069 0.125
