1 0.5833333333333334 0.8464285714285714 0.05897435897435897 0.06428571428571428
1 0.7064102564102565 0.6696428571428571 0.04358974358974359 0.04642857142857143
1 0.391025641025641 0.6017857142857143 0.06923076923076923 0.075
1 0.5397435897435897 0.6107142857142858 0.04358974358974359 0.05
1 0.5102564102564102 0.7196428571428571 0.041025641025641026 0.05357142857142857
1 0.38461538461538464 0.6660714285714285 0.046153846153846156 0.039285714285714285
1 0.08333333333333333 0.2785714285714286 0.04358974358974359 0.04285714285714286
1 0.16666666666666666 0.39464285714285713 0.05128205128205128 0.05357142857142857
1 0.2064102564102564 0.16785714285714284 0.08974358974358974 0.16428571428571428
1 0.27692307692307694 0.4732142857142857 0.041025641025641026 0.039285714285714285
1 0.43974358974358974 0.40535714285714286 0.04871794871794872 0.05357142857142857
1 0.5628205128205128 0.35892857142857143 0.04358974358974359 0.039285714285714285
