2 0.09967320261437909 0.35978260869565215 0.042483660130718956 0.14130434782608695
2 0.18790849673202614 0.27391304347826084 0.058823529411764705 0.043478260869565216
2 0.2295751633986928 0.38913043478260867 0.05392156862745098 0.10869565217391304
2 0.27532679738562094 0.3032608695652174 0.05392156862745098 0.11956521739130435
2 0.40604575163398693 0.2 0.06045751633986928 0.12173913043478261
2 0.5343137254901961 0.20434782608695654 0.06862745098039216 0.12608695652173912
2 0.3545751633986928 0.36195652173913045 0.058823529411764705 0.04565217391304348
2 0.27369281045751637 0.44456521739130433 0.06372549019607843 0.13695652173913042
2 0.32679738562091504 0.40108695652173915 0.08496732026143791 0.07608695652173914
2 0.39705882352941174 0.4097826086956522 0.0718954248366013 0.10217391304347827
2 0.4616013071895425 0.40108695652173915 0.07352941176470588 0.11521739130434783
2 0.5359477124183006 0.4108695652173913 0.10130718954248366 0.14347826086956522
2 0.7516339869281046 0.14782608695652175 0.0915032679738562 0.09130434782608696
2 0.8071895424836601 0.14565217391304347 0.06209150326797386 0.05217391304347826
2 0.7916666666666666 0.4152173913043478 0.07679738562091504 0.12173913043478261
2 0.8276143790849673 0.532608695652174 0.04738562091503268 0.09565217391304348
2 0.8831699346405228 0.34456521739130436 0.09640522875816994 0.13695652173913042
2 0.9468954248366013 0.7054347826086956 0.10620915032679738 0.16304347826086957
2 0.8178104575163399 0.0391304347826087 0.04084967320261438 0.06086956521739131
2 0.7475490196078431 0.015217391304347827 0.12254901960784313 0.02608695652173913
2 0.934640522875817 0.04782608695652174 0.11764705882352941 0.09130434782608696
