2 0.3790849673202614 0.09698996655518395 0.1503267973856209 0.11036789297658862
2 0.45016339869281047 0.020066889632107024 0.04738562091503268 0.03678929765886288
2 0.5269607843137255 0.2968227424749164 0.11601307189542484 0.06856187290969899
2 0.6233660130718954 0.290133779264214 0.08660130718954248 0.1454849498327759
2 0.477124183006536 0.46404682274247494 0.12418300653594772 0.16220735785953178
2 0.8382352941176471 0.8319397993311036 0.09477124183006536 0.1020066889632107
2 0.9272875816993464 0.7842809364548495 0.04411764705882353 0.05016722408026756
2 0.7606209150326797 0.9531772575250836 0.1781045751633987 0.09364548494983277
2 0.2181372549019608 0.7441471571906354 0.09313725490196079 0.13712374581939799
2 0.026143790849673203 0.7734113712374582 0.049019607843137254 0.11204013377926421
2 0.10784313725490197 0.49331103678929766 0.11764705882352941 0.05351170568561873
2 0.02369281045751634 0.07692307692307693 0.04411764705882353 0.14381270903010032
2 0.07434640522875817 0.20652173913043478 0.1454248366013072 0.10869565217391304
2 0.09558823529411764 0.06856187290969899 0.03104575163398693 0.033444816053511704
2 0.022058823529411766 0.4498327759197324 0.04084967320261438 0.0802675585284281
2 0.035130718954248366 0.967391304347826 0.06699346405228758 0.06521739130434782
2 0.23284313725490197 0.9857859531772575 0.06699346405228758 0.028428093645484948
