2 0.1854575163398693 0.5258620689655172 0.272875816993464 0.4802955665024631
2 0.35947712418300654 0.47783251231527096 0.21568627450980393 0.3891625615763547
2 0.4934640522875817 0.44950738916256155 0.23202614379084968 0.4802955665024631
2 0.6593137254901961 0.49261083743842365 0.23039215686274508 0.5566502463054187
2 0.8333333333333334 0.41748768472906406 0.3333333333333333 0.6133004926108374
2 0.8782679738562091 0.9174876847290641 0.07352941176470588 0.1206896551724138
2 0.37254901960784315 0.7524630541871922 0.09477124183006536 0.0665024630541872
2 0.24836601307189543 0.06773399014778325 0.08169934640522876 0.12561576354679804
2 0.22712418300653595 0.17980295566502463 0.06862745098039216 0.11822660098522167
2 0.28022875816993464 0.26354679802955666 0.07679738562091504 0.09852216748768473
2 0.35049019607843135 0.2044334975369458 0.09640522875816994 0.14285714285714285
2 0.4485294117647059 0.05665024630541872 0.07026143790849673 0.09359605911330049
