1 0.1345679012345679 0.13398692810457516 0.20987654320987653 0.0915032679738562
1 0.5580246913580247 0.0457516339869281 0.30617283950617286 0.08823529411764706
1 0.4765432098765432 0.19362745098039216 0.14320987654320988 0.11601307189542484
1 0.3308641975308642 0.15931372549019607 0.09876543209876543 0.14215686274509803
1 0.3567901234567901 0.3415032679738562 0.11604938271604938 0.0915032679738562
1 0.49876543209876545 0.3553921568627451 0.12839506172839507 0.1323529411764706
1 0.36049382716049383 0.5580065359477124 0.14320987654320988 0.119281045751634
1 0.6765432098765433 0.5277777777777778 0.3111111111111111 0.10457516339869281
1 0.8345679012345679 0.6805555555555556 0.16790123456790124 0.11601307189542484
1 0.4765432098765432 0.6854575163398693 0.2962962962962963 0.19117647058823528
1 0.6432098765432098 0.7883986928104575 0.21975308641975308 0.14869281045751634
1 0.47901234567901235 0.9158496732026143 0.15308641975308643 0.12254901960784313
1 0.1037037037037037 0.7769607843137255 0.20246913580246914 0.13562091503267973
1 0.24567901234567902 0.6772875816993464 0.145679012345679 0.11274509803921569
1 0.9074074074074074 0.8259803921568627 0.18518518518518517 0.10947712418300654
1 0.6864197530864198 0.28104575163398693 0.1925925925925926 0.13398692810457516
1 0.9296296296296296 0.571078431372549 0.13580246913580246 0.11601307189542484
