1 0.10909090909090909 0.5737704918032787 0.08727272727272728 0.07650273224043716
1 0.4 0.76775956284153 0.22545454545454546 0.1366120218579235
1 0.5927272727272728 0.4808743169398907 0.09454545454545454 0.08743169398907104
1 0.5509090909090909 0.3251366120218579 0.24363636363636362 0.09289617486338798
1 0.7418181818181818 0.39344262295081966 0.08727272727272728 0.09836065573770492
1 0.9381818181818182 0.4562841530054645 0.12363636363636364 0.12568306010928962
1 0.8454545454545455 0.6120218579234973 0.12 0.18579234972677597
1 0.6963636363636364 0.6639344262295082 0.05454545454545454 0.15846994535519127
1 0.24363636363636362 0.3251366120218579 0.2109090909090909 0.12568306010928962
1 0.24727272727272728 0.10382513661202186 0.15272727272727274 0.15300546448087432
1 0.2909090909090909 0.5382513661202186 0.10909090909090909 0.18032786885245902
1 0.7672727272727272 0.8497267759562842 0.10909090909090909 0.1366120218579235
1 0.9636363636363636 0.9016393442622951 0.07272727272727272 0.12021857923497267
1 0.02909090909090909 0.366120218579235 0.05090909090909091 0.06557377049180328
1 0.09636363636363636 0.46994535519125685 0.05454545454545454 0.0546448087431694
1 0.15272727272727274 0.7950819672131147 0.11636363636363636 0.12568306010928962
