1 0.11748633879781421 0.11090909090909092 0.12568306010928962 0.06181818181818182
1 0.05737704918032787 0.2309090909090909 0.10382513661202186 0.07636363636363637
1 0.24043715846994534 0.2309090909090909 0.18579234972677597 0.08363636363636363
1 0.8087431693989071 0.09636363636363636 0.22950819672131148 0.18545454545454546
1 0.4371584699453552 0.4309090909090909 0.17486338797814208 0.09818181818181818
1 0.3114754098360656 0.6963636363636364 0.39344262295081966 0.41818181818181815
1 0.825136612021858 0.8545454545454545 0.32786885245901637 0.18181818181818182
1 0.6284153005464481 0.6181818181818182 0.15300546448087432 0.13090909090909092
1 0.8224043715846995 0.5709090909090909 0.2568306010928962 0.17454545454545456
1 0.7896174863387978 0.4109090909090909 0.21311475409836064 0.10181818181818182
