1 0.17892976588628762 0.044642857142857144 0.05016722408026756 0.06547619047619048
1 0.06521739130434782 0.35714285714285715 0.07023411371237458 0.08333333333333333
1 0.24581939799331104 0.19047619047619047 0.03678929765886288 0.05952380952380952
1 0.25752508361204013 0.34523809523809523 0.0802675585284281 0.10714285714285714
1 0.27591973244147155 0.6279761904761905 0.05016722408026756 0.06547619047619048
1 0.3879598662207358 0.24107142857142858 0.08695652173913043 0.23214285714285715
1 0.5133779264214047 0.44047619047619047 0.25752508361204013 0.3333333333333333
1 0.5585284280936454 0.7380952380952381 0.09364548494983277 0.11904761904761904
1 0.5384615384615384 0.9255952380952381 0.0802675585284281 0.1488095238095238
1 0.7558528428093646 0.7589285714285714 0.18729096989966554 0.24404761904761904
1 0.8979933110367893 0.5416666666666666 0.056856187290969896 0.08333333333333333
