1 0.069164265129683 0.2392857142857143 0.12680115273775217 0.12857142857142856
1 0.31556195965417866 0.15714285714285714 0.06051873198847262 0.07857142857142857
1 0.24351585014409222 0.03214285714285714 0.1239193083573487 0.05714285714285714
1 0.37896253602305474 0.05714285714285714 0.06628242074927954 0.07142857142857142
1 0.4884726224783862 0.08392857142857142 0.06051873198847262 0.08928571428571429
1 0.1282420749279539 0.4035714285714286 0.08357348703170028 0.08571428571428572
1 0.21037463976945245 0.3464285714285714 0.07492795389048991 0.09285714285714286
1 0.3400576368876081 0.4732142857142857 0.14985590778097982 0.26785714285714285
1 0.207492795389049 0.5875 0.09798270893371758 0.26785714285714285
1 0.3357348703170029 0.6821428571428572 0.14697406340057637 0.1
1 0.3861671469740634 0.8160714285714286 0.09221902017291066 0.11785714285714285
1 0.6051873198847262 0.8196428571428571 0.07492795389048991 0.075
1 0.46397694524495675 0.6446428571428572 0.1037463976945245 0.11785714285714285
1 0.521613832853026 0.4642857142857143 0.16714697406340057 0.2642857142857143
1 0.6786743515850144 0.6964285714285714 0.07780979827089338 0.05
1 0.6181556195965417 0.5857142857142857 0.06628242074927954 0.08571428571428572
1 0.6887608069164265 0.6196428571428572 0.05763688760806916 0.09642857142857143
1 0.7276657060518732 0.5428571428571428 0.05475504322766571 0.06428571428571428
1 0.6613832853025937 0.41785714285714287 0.10086455331412104 0.15
1 0.7262247838616714 0.3053571428571429 0.05763688760806916 0.060714285714285714
1 0.7939481268011528 0.28214285714285714 0.08357348703170028 0.07857142857142857
1 0.9481268011527377 0.33214285714285713 0.1037463976945245 0.18571428571428572
1 0.7636887608069164 0.43214285714285716 0.08645533141210375 0.1357142857142857
1 0.840057636887608 0.45535714285714285 0.06051873198847262 0.075
1 0.9553314121037464 0.5642857142857143 0.0893371757925072 0.15
1 0.3069164265129683 0.30178571428571427 0.06628242074927954 0.06785714285714285
