1 0.2512820512820513 0.1 0.1076923076923077 0.16428571428571428
1 0.4064102564102564 0.14642857142857144 0.1717948717948718 0.17857142857142858
1 0.5564102564102564 0.17142857142857143 0.1076923076923077 0.15
1 0.0858974358974359 0.6053571428571428 0.16666666666666666 0.18214285714285713
1 0.2358974358974359 0.4982142857142857 0.17435897435897435 0.13214285714285715
1 0.23461538461538461 0.8107142857142857 0.16666666666666666 0.17857142857142858
1 0.09743589743589744 0.7928571428571428 0.06666666666666667 0.12857142857142856
1 0.038461538461538464 0.9 0.06153846153846154 0.05
1 0.382051282051282 0.49464285714285716 0.08205128205128205 0.10357142857142858
1 0.42435897435897435 0.5642857142857143 0.10512820512820513 0.19285714285714287
1 0.3871794871794872 0.39285714285714285 0.06666666666666667 0.07857142857142857
1 0.46794871794871795 0.3410714285714286 0.05384615384615385 0.075
1 0.5525641025641026 0.36964285714285716 0.13076923076923078 0.18214285714285713
1 0.735897435897436 0.3125 0.1076923076923077 0.16785714285714284
1 0.7474358974358974 0.5428571428571428 0.06923076923076923 0.07857142857142857
1 0.5384615384615384 0.6446428571428572 0.06666666666666667 0.11785714285714285
1 0.8371794871794872 0.7821428571428571 0.1564102564102564 0.17857142857142858
1 0.9628205128205128 0.7071428571428572 0.07435897435897436 0.08571428571428572
1 0.4512820512820513 0.8428571428571429 0.05641025641025641 0.07142857142857142
1 0.6602564102564102 0.3892857142857143 0.08974358974358974 0.10714285714285714
