0 0.8583333333333333 0.6825 0.115 0.0275
0 0.7858333333333334 0.473125 0.06333333333333334 0.0375
0 0.655 0.2359375 0.13166666666666665 0.034375
0 0.9433333333333334 0.2128125 0.085 0.019375
0 0.19708333333333333 0.319375 0.05583333333333333 0.04875
0 0.21083333333333334 0.20625 0.02 0.03875
2 0.40375 0.6340625 0.0675 0.078125
2 0.5770833333333333 0.595625 0.05416666666666667 0.0525
2 0.5095833333333334 0.223125 0.060833333333333336 0.0225
2 0.6491666666666667 0.19875 0.07 0.03375
2 0.7391666666666666 0.1028125 0.056666666666666664 0.026875
