2 0.041025641025641026 0.37857142857142856 0.07692307692307693 0.16428571428571428
2 0.21153846153846154 0.3482142857142857 0.11538461538461539 0.1392857142857143
2 0.2743589743589744 0.07142857142857142 0.13333333333333333 0.1357142857142857
2 0.1 0.6267857142857143 0.19487179487179487 0.16785714285714284
2 0.09487179487179487 0.8107142857142857 0.1076923076923077 0.2357142857142857
2 0.5846153846153846 0.8107142857142857 0.09230769230769231 0.17142857142857143
2 0.617948717948718 0.5928571428571429 0.10256410256410256 0.15714285714285714
2 0.7256410256410256 0.7017857142857142 0.035897435897435895 0.19642857142857142
2 0.7589743589743589 0.7071428571428572 0.14871794871794872 0.03571428571428571
2 0.9743589743589743 0.8267857142857142 0.05128205128205128 0.18928571428571428
2 0.8794871794871795 0.43214285714285716 0.046153846153846156 0.2
2 0.958974358974359 0.38035714285714284 0.08205128205128205 0.33214285714285713
2 0.2948717948717949 0.6964285714285714 0.27692307692307694 0.4642857142857143
2 0.37435897435897436 0.39464285714285713 0.18461538461538463 0.15357142857142858
2 0.43846153846153846 0.18392857142857144 0.27692307692307694 0.23214285714285715
2 0.6692307692307692 0.08214285714285714 0.05641025641025641 0.15714285714285714
2 0.5512820512820513 0.3053571428571429 0.06666666666666667 0.21071428571428572
2 0.6858974358974359 0.3375 0.21794871794871795 0.29642857142857143
2 0.8538461538461538 0.24107142857142858 0.1282051282051282 0.28214285714285714
