1 0.11538461538461539 0.06607142857142857 0.05128205128205128 0.060714285714285714
1 0.17564102564102563 0.2 0.0641025641025641 0.1357142857142857
1 0.25769230769230766 0.36607142857142855 0.05897435897435897 0.11785714285714285
1 0.2858974358974359 0.5446428571428571 0.12564102564102564 0.08214285714285714
1 0.35 0.41785714285714287 0.05384615384615385 0.07142857142857142
1 0.5461538461538461 0.35892857142857143 0.1076923076923077 0.125
1 0.7192307692307692 0.14285714285714285 0.13076923076923078 0.08571428571428572
1 0.7269230769230769 0.3196428571428571 0.13076923076923078 0.21071428571428572
1 0.4512820512820513 0.5214285714285715 0.10256410256410256 0.15
1 0.48846153846153845 0.7392857142857143 0.04358974358974359 0.05714285714285714
1 0.46923076923076923 0.8553571428571428 0.046153846153846156 0.060714285714285714
1 0.5307692307692308 0.8107142857142857 0.046153846153846156 0.06428571428571428
1 0.3935897435897436 0.7803571428571429 0.03333333333333333 0.039285714285714285
1 0.5692307692307692 0.6678571428571428 0.06666666666666667 0.12857142857142856
1 0.632051282051282 0.5571428571428572 0.14102564102564102 0.1
1 0.7076923076923077 0.6892857142857143 0.06666666666666667 0.10714285714285714
1 0.8025641025641026 0.6017857142857143 0.11282051282051282 0.08214285714285714
1 0.7384615384615385 0.49464285714285716 0.1282051282051282 0.10357142857142858
1 0.9397435897435897 0.4392857142857143 0.11025641025641025 0.15714285714285714
1 0.6282051282051282 0.29642857142857143 0.06153846153846154 0.11428571428571428
