0 0.5628205128205128 0.35535714285714287 0.34102564102564104 0.3821428571428571
0 0.3474358974358974 0.4625 0.28974358974358977 0.060714285714285714
0 0.3717948717948718 0.6714285714285714 0.2205128205128205 0.40714285714285714
0 0.08974358974358974 0.8642857142857143 0.17435897435897435 0.12142857142857143
0 0.8217948717948718 0.7160714285714286 0.18205128205128204 0.10357142857142858
0 0.9538461538461539 0.7160714285714286 0.09230769230769231 0.125
0 0.5538461538461539 0.8303571428571429 0.2205128205128205 0.039285714285714285
0 0.6115384615384616 0.9035714285714286 0.08974358974358974 0.05
0 0.7512820512820513 0.23392857142857143 0.11794871794871795 0.10357142857142858
0 0.6717948717948717 0.060714285714285714 0.09743589743589744 0.10714285714285714
0 0.9461538461538461 0.12321428571428572 0.09230769230769231 0.09642857142857143
0 0.8064102564102564 0.4875 0.04358974358974359 0.10357142857142858
0 0.05641025641025641 0.26607142857142857 0.1076923076923077 0.09642857142857143
0 0.8333333333333334 0.8785714285714286 0.18974358974358974 0.09285714285714286
