2 0.7262210796915167 0.6017857142857143 0.36246786632390743 0.49642857142857144
2 0.2455012853470437 0.5339285714285714 0.05912596401028278 0.060714285714285714
2 0.7107969151670951 0.2392857142857143 0.15681233933161953 0.14285714285714285
2 0.8187660668380463 0.14285714285714285 0.11053984575835475 0.1
2 0.9421593830334191 0.16964285714285715 0.11568123393316196 0.13214285714285715
2 0.9845758354755784 0.04642857142857143 0.030848329048843187 0.06428571428571428
2 0.18894601542416453 0.25 0.08483290488431877 0.18571428571428572
2 0.06812339331619537 0.07857142857142857 0.13110539845758354 0.15
2 0.25578406169665807 0.17142857142857143 0.29562982005141386 0.3357142857142857
2 0.5347043701799485 0.10535714285714286 0.37017994858611825 0.20357142857142857
