1 0.3717948717948718 0.15 0.07179487179487179 0.08571428571428572
1 0.5641025641025641 0.3821428571428571 0.2564102564102564 0.38571428571428573
1 0.22948717948717948 0.3410714285714286 0.04871794871794872 0.06785714285714285
1 0.2846153846153846 0.5464285714285714 0.07179487179487179 0.09285714285714286
1 0.3487179487179487 0.3767857142857143 0.046153846153846156 0.05357142857142857
1 0.4064102564102564 0.4982142857142857 0.05384615384615385 0.08214285714285714
1 0.532051282051282 0.6678571428571428 0.05384615384615385 0.06428571428571428
1 0.573076923076923 0.7517857142857143 0.04871794871794872 0.075
1 0.7141025641025641 0.7035714285714286 0.09487179487179487 0.12142857142857143
1 0.8205128205128205 0.4517857142857143 0.07692307692307693 0.08214285714285714
1 0.7141025641025641 0.2 0.04871794871794872 0.07142857142857142
1 0.7833333333333333 0.8428571428571429 0.07948717948717948 0.08571428571428572
