1 0.23461538461538461 0.1767857142857143 0.23076923076923078 0.21785714285714286
1 0.18076923076923077 0.3767857142857143 0.25384615384615383 0.09642857142857143
1 0.09615384615384616 0.5625 0.11538461538461539 0.19642857142857142
1 0.1346153846153846 0.725 0.16153846153846155 0.10714285714285714
1 0.27307692307692305 0.5142857142857142 0.12307692307692308 0.09285714285714286
1 0.27692307692307694 0.6553571428571429 0.15384615384615385 0.08928571428571429
1 0.3153846153846154 0.7553571428571428 0.12307692307692308 0.06785714285714285
1 0.057692307692307696 0.8642857142857143 0.1076923076923077 0.11428571428571428
1 0.18269230769230768 0.9 0.08846153846153847 0.05
1 0.6038461538461538 0.5571428571428572 0.16153846153846155 0.15
1 0.551923076923077 0.3392857142857143 0.08846153846153847 0.1
1 0.46923076923076923 0.16964285714285715 0.16153846153846155 0.18928571428571428
1 0.7307692307692307 0.225 0.09230769230769231 0.06428571428571428
1 0.8615384615384616 0.4517857142857143 0.27692307692307694 0.29642857142857143
1 0.9461538461538461 0.7375 0.1076923076923077 0.175
1 0.7788461538461539 0.6892857142857143 0.17307692307692307 0.12857142857142856
1 0.43653846153846154 0.6303571428571428 0.12692307692307692 0.21785714285714286
1 0.45576923076923076 0.8571428571428571 0.1423076923076923 0.14285714285714285
1 0.6365384615384615 0.8714285714285714 0.17307692307692307 0.12142857142857143
1 0.8384615384615385 0.8821428571428571 0.2153846153846154 0.09285714285714286
1 0.4519230769230769 0.4589285714285714 0.11923076923076924 0.08214285714285714
