0 0.09615384615384616 0.7714285714285715 0.14102564102564102 0.06428571428571428
0 0.0782051282051282 0.5946428571428571 0.13076923076923078 0.125
0 0.2 0.5964285714285714 0.06666666666666667 0.05
0 0.2128205128205128 0.7267857142857143 0.06666666666666667 0.08214285714285714
0 0.3769230769230769 0.6660714285714285 0.23076923076923078 0.23214285714285715
0 0.6641025641025641 0.6928571428571428 0.2153846153846154 0.4857142857142857
0 0.8038461538461539 0.8357142857142857 0.1564102564102564 0.18571428571428572
0 0.9166666666666666 0.7285714285714285 0.16666666666666666 0.15714285714285714
0 0.4461538461538462 0.4142857142857143 0.14358974358974358 0.10714285714285714
0 0.14615384615384616 0.4392857142857143 0.12307692307692308 0.07142857142857142
0 0.06153846153846154 0.3196428571428571 0.11794871794871795 0.08928571428571429
0 0.5051282051282051 0.2625 0.20512820512820512 0.20357142857142857
0 0.6961538461538461 0.35892857142857143 0.17692307692307693 0.15357142857142858
0 0.8974358974358975 0.32142857142857145 0.20512820512820512 0.22857142857142856
0 0.8294871794871795 0.4875 0.17692307692307693 0.125
0 0.7897435897435897 0.15178571428571427 0.041025641025641026 0.075
0 0.8384615384615385 0.09107142857142857 0.06666666666666667 0.08928571428571429
0 0.6628205128205128 0.18392857142857144 0.0641025641025641 0.075
0 0.7397435897435898 0.175 0.05897435897435897 0.07857142857142857
0 0.6846153846153846 0.0375 0.07179487179487179 0.06785714285714285
0 0.7769230769230769 0.03571428571428571 0.08205128205128205 0.05714285714285714
0 0.941025641025641 0.11607142857142858 0.09230769230769231 0.060714285714285714
0 0.9217948717948717 0.1732142857142857 0.1564102564102564 0.08214285714285714
0 0.5641025641025641 0.11607142857142858 0.1076923076923077 0.06785714285714285
0 0.5217948717948718 0.09285714285714286 0.11025641025641025 0.15
0 0.31153846153846154 0.2982142857142857 0.14615384615384616 0.125
0 0.2641025641025641 0.08928571428571429 0.19487179487179487 0.17142857142857143
0 0.08205128205128205 0.12142857142857143 0.11282051282051282 0.1
0 0.41410256410256413 0.08214285714285714 0.08974358974358974 0.11428571428571428
