1 0.8674351585014409 0.6964285714285714 0.14985590778097982 0.15714285714285714
1 0.7824207492795389 0.4767857142857143 0.1988472622478386 0.13214285714285715
1 0.7478386167146974 0.07678571428571429 0.10086455331412104 0.075
1 0.8688760806916427 0.25535714285714284 0.06628242074927954 0.075
1 0.7204610951008645 0.23035714285714284 0.09798270893371758 0.08214285714285714
1 0.24927953890489912 0.3964285714285714 0.05475504322766571 0.08571428571428572
1 0.3631123919308357 0.7196428571428571 0.07492795389048991 0.26071428571428573
1 0.5259365994236311 0.46964285714285714 0.15273775216138327 0.25357142857142856
1 0.4610951008645533 0.15892857142857142 0.12680115273775217 0.1392857142857143
1 0.6080691642651297 0.06607142857142857 0.13256484149855907 0.125
