1 0.08789625360230548 0.21607142857142858 0.1585014409221902 0.11785714285714285
1 0.1988472622478386 0.2857142857142857 0.09221902017291066 0.12142857142857143
1 0.06340057636887608 0.4607142857142857 0.12103746397694524 0.1357142857142857
1 0.24639769452449567 0.4517857142857143 0.11239193083573487 0.13214285714285715
1 0.3861671469740634 0.49107142857142855 0.08645533141210375 0.08214285714285714
1 0.414985590778098 0.2910714285714286 0.1037463976945245 0.11071428571428571
1 0.5461095100864554 0.5982142857142857 0.1239193083573487 0.13214285714285715
1 0.0893371757925072 0.7625 0.069164265129683 0.08928571428571429
1 0.30547550432276654 0.6839285714285714 0.13256484149855907 0.08214285714285714
1 0.5028818443804035 0.8321428571428572 0.12968299711815562 0.17857142857142858
1 0.7463976945244957 0.8857142857142857 0.09221902017291066 0.07857142857142857
1 0.6945244956772334 0.5357142857142857 0.1786743515850144 0.18571428571428572
1 0.7752161383285303 0.22142857142857142 0.09798270893371758 0.1357142857142857
1 0.6253602305475504 0.15535714285714286 0.05187319884726225 0.08928571428571429
1 0.484149855907781 0.16071428571428573 0.09221902017291066 0.1357142857142857
1 0.9005763688760807 0.30178571428571427 0.07780979827089338 0.075
1 0.8386167146974063 0.7785714285714286 0.1440922190201729 0.07857142857142857
1 0.7406340057636888 0.04285714285714286 0.04610951008645533 0.05
