1 0.7507204610951008 0.44107142857142856 0.14697406340057637 0.13214285714285715
1 0.5547550432276657 0.6857142857142857 0.08357348703170028 0.08571428571428572
1 0.5115273775216138 0.4642857142857143 0.08357348703170028 0.1357142857142857
1 0.8804034582132565 0.5803571428571429 0.1585014409221902 0.225
1 0.9553314121037464 0.2642857142857143 0.0893371757925072 0.10714285714285714
1 0.7867435158501441 0.2732142857142857 0.12103746397694524 0.075
1 0.7593659942363112 0.15 0.1239193083573487 0.07142857142857142
1 0.8141210374639769 0.05 0.2334293948126801 0.09285714285714286
1 0.19452449567723343 0.5428571428571428 0.10086455331412104 0.07142857142857142
1 0.23054755043227665 0.7053571428571429 0.13256484149855907 0.1392857142857143
1 0.6095100864553314 0.25357142857142856 0.09510086455331412 0.1
1 0.47262247838616717 0.14464285714285716 0.16714697406340057 0.15357142857142858
