1 0.012987012987012988 0.3982142857142857 0.021645021645021644 0.125
1 0.09199134199134198 0.40714285714285714 0.08008658008658008 0.08571428571428572
1 0.19155844155844157 0.26607142857142857 0.14935064935064934 0.10357142857142858
1 0.26515151515151514 0.3464285714285714 0.0367965367965368 0.03571428571428571
1 0.5909090909090909 0.24285714285714285 0.0735930735930736 0.07142857142857142
1 0.4837662337662338 0.3464285714285714 0.19696969696969696 0.18571428571428572
1 0.7619047619047619 0.6464285714285715 0.0735930735930736 0.15
1 0.5811688311688312 0.8303571428571429 0.049783549783549784 0.14642857142857144
1 0.7012987012987013 0.7642857142857142 0.07792207792207792 0.1357142857142857
1 0.8430735930735931 0.8446428571428571 0.05411255411255411 0.16785714285714284
1 0.6363636363636364 0.5839285714285715 0.11255411255411256 0.11071428571428571
1 0.3106060606060606 0.48214285714285715 0.17965367965367965 0.22857142857142856
