0 0.35861182519280205 0.36428571428571427 0.20822622107969152 0.07857142857142857
0 0.3277634961439589 0.8142857142857143 0.15167095115681234 0.22857142857142856
0 0.2185089974293059 0.2375 0.2930591259640103 0.15357142857142858
0 0.5244215938303342 0.15892857142857142 0.493573264781491 0.11785714285714285
0 0.7596401028277635 0.20892857142857144 0.43444730077120824 0.275
0 0.699228791773779 0.3732142857142857 0.09254498714652956 0.11785714285714285
0 0.7840616966580977 0.5982142857142857 0.13881748071979436 0.16071428571428573
0 0.6915167095115681 0.8696428571428572 0.11825192802056556 0.08928571428571429
0 0.8277634961439588 0.7285714285714285 0.13367609254498714 0.4
0 0.14781491002570693 0.5125 0.033419023136246784 0.11071428571428571
