0 0.10273972602739725 0.11785714285714285 0.1917808219178082 0.07857142857142857
0 0.5205479452054794 0.20357142857142857 0.3561643835616438 0.12142857142857143
0 0.7842465753424658 0.24107142857142858 0.4315068493150685 0.10357142857142858
0 0.571917808219178 0.31607142857142856 0.11643835616438356 0.16071428571428573
0 0.7602739726027398 0.4125 0.2054794520547945 0.225
0 0.0821917808219178 0.48035714285714287 0.1506849315068493 0.375
0 0.2191780821917808 0.8553571428571428 0.2876712328767123 0.14642857142857144
0 0.19863013698630136 0.7178571428571429 0.1095890410958904 0.1357142857142857
0 0.22602739726027396 0.7642857142857142 0.410958904109589 0.2
0 0.5787671232876712 0.7017857142857142 0.13013698630136986 0.060714285714285714
0 0.7294520547945206 0.6303571428571428 0.18493150684931506 0.21071428571428572
0 0.886986301369863 0.6857142857142857 0.10273972602739725 0.2571428571428571
0 0.8356164383561644 0.7982142857142858 0.3287671232876712 0.2392857142857143
0 0.8184931506849316 0.13392857142857142 0.363013698630137 0.18214285714285713
