0 0.8913043478260869 0.6511627906976745 0.21739130434782608 0.22093023255813954
0 0.9448160535117057 0.32848837209302323 0.05016722408026756 0.23837209302325582
0 0.8110367892976589 0.10465116279069768 0.2842809364548495 0.19767441860465115
0 0.5702341137123745 0.2703488372093023 0.10367892976588629 0.36627906976744184
0 0.6939799331103679 0.28488372093023256 0.05016722408026756 0.1511627906976744
0 0.7474916387959866 0.5058139534883721 0.0903010033444816 0.09302325581395349
0 0.6438127090301003 0.9622093023255814 0.09698996655518395 0.06395348837209303
0 0.68561872909699 0.5 0.10033444816053512 0.22093023255813954
0 0.21070234113712374 0.8924418604651163 0.17391304347826086 0.21511627906976744
0 0.1020066889632107 0.6162790697674418 0.03678929765886288 0.32558139534883723
0 0.26588628762541805 0.47674418604651164 0.24414715719063546 0.10465116279069768
0 0.40635451505016723 0.2558139534883721 0.15719063545150502 0.2558139534883721
0 0.23244147157190637 0.07267441860465117 0.1505016722408027 0.13372093023255813
0 0.24247491638795987 0.2761627906976744 0.18394648829431437 0.25
0 0.0451505016722408 0.2180232558139535 0.08361204013377926 0.29651162790697677
0 0.47324414715719065 0.49127906976744184 0.13043478260869565 0.28488372093023256
0 0.5501672240802675 0.6424418604651163 0.11036789297658862 0.13372093023255813
0 0.5752508361204013 0.8313953488372093 0.14046822742474915 0.32558139534883723
0 0.3411371237458194 0.6976744186046512 0.10033444816053512 0.313953488372093
