0 0.115 0.7622950819672131 0.21 0.45901639344262296
0 0.235 0.28688524590163933 0.21 0.3770491803278688
0 0.05 0.0778688524590164 0.08 0.13934426229508196
0 0.35 0.06967213114754098 0.32 0.09016393442622951
0 0.625 0.22131147540983606 0.65 0.36065573770491804
0 0.825 0.5040983606557377 0.17 0.3360655737704918
0 0.66 0.4959016393442623 0.32 0.319672131147541
0 0.515 0.7377049180327869 0.31 0.19672131147540983
0 0.81 0.7909836065573771 0.38 0.22131147540983606
0 0.695 0.930327868852459 0.37 0.05737704918032787
