2 0.40897435897435896 0.475 0.028205128205128206 0.05
2 0.45256410256410257 0.6267857142857143 0.028205128205128206 0.04642857142857143
2 0.11282051282051282 0.6928571428571428 0.041025641025641026 0.04285714285714286
2 0.24615384615384617 0.525 0.03076923076923077 0.03571428571428571
2 0.3282051282051282 0.5803571428571429 0.046153846153846156 0.05357142857142857
2 0.4205128205128205 0.6964285714285714 0.05128205128205128 0.05714285714285714
2 0.6102564102564103 0.8589285714285714 0.041025641025641026 0.039285714285714285
2 0.7923076923076923 0.825 0.046153846153846156 0.04285714285714286
2 0.8525641025641025 0.5732142857142857 0.03333333333333333 0.04642857142857143
2 0.782051282051282 0.4982142857142857 0.02564102564102564 0.03214285714285714
2 0.7 0.30357142857142855 0.02564102564102564 0.03571428571428571
2 0.8807692307692307 0.2357142857142857 0.06923076923076923 0.04285714285714286
2 0.8705128205128205 0.4375 0.023076923076923078 0.025
2 0.011538461538461539 0.16607142857142856 0.017948717948717947 0.025
2 0.1717948717948718 0.2392857142857143 0.02564102564102564 0.02857142857142857
