0 0.26785714285714285 0.32608695652173914 0.47619047619047616 0.15719063545150502
0 0.12797619047619047 0.5518394648829431 0.24404761904761904 0.1605351170568562
0 0.125 0.8260869565217391 0.17857142857142858 0.34782608695652173
0 0.4791666666666667 0.5434782608695652 0.5535714285714286 0.14381270903010032
0 0.47023809523809523 0.8561872909698997 0.6190476190476191 0.22742474916387959
0 0.8839285714285714 0.45819397993311034 0.23214285714285715 0.10033444816053512
0 0.9107142857142857 0.774247491638796 0.17857142857142858 0.13712374581939799
0 0.8988095238095238 0.8929765886287625 0.20238095238095238 0.08695652173913043
0 0.9136904761904762 0.580267558528428 0.17261904761904762 0.11705685618729098
0 0.17559523809523808 0.061872909698996656 0.3392857142857143 0.11705685618729098
0 0.75 0.24749163879598662 0.5 0.17391304347826086
0 0.23511904761904762 0.2040133779264214 0.43452380952380953 0.10702341137123746
0 0.6994047619047619 0.12374581939799331 0.07738095238095238 0.0802675585284281
0 0.5 0.033444816053511704 0.21428571428571427 0.06020066889632107
