0 0.4218181818181818 0.46994535519125685 0.2545454545454545 0.15300546448087432
0 0.16545454545454547 0.6202185792349727 0.08363636363636363 0.2677595628415301
0 0.20727272727272728 0.3442622950819672 0.07272727272727272 0.28415300546448086
0 0.6963636363636364 0.7076502732240437 0.08363636363636363 0.23497267759562843
0 0.7618181818181818 0.8961748633879781 0.16363636363636364 0.08743169398907104
0 0.4381818181818182 0.6284153005464481 0.07636363636363637 0.26229508196721313
0 0.5 0.2677595628415301 0.10545454545454545 0.26229508196721313
0 0.7636363636363637 0.0273224043715847 0.13818181818181818 0.04371584699453552
0 0.9327272727272727 0.2650273224043716 0.07636363636363637 0.2459016393442623
0 0.5872727272727273 0.8825136612021858 0.08363636363636363 0.23497267759562843
2 0.4381818181818182 0.11748633879781421 0.11272727272727273 0.22404371584699453
