0 0.3902439024390244 0.39488636363636365 0.0627177700348432 0.3352272727272727
0 0.6463414634146342 0.6051136363636364 0.1289198606271777 0.16477272727272727
0 0.6881533101045296 0.15625 0.17073170731707318 0.16477272727272727
0 0.7613240418118467 0.23863636363636365 0.05226480836236934 0.3977272727272727
0 0.30139372822299654 0.7528409090909091 0.14285714285714285 0.11931818181818182
0 0.6289198606271778 0.29829545454545453 0.10801393728222997 0.2556818181818182
0 0.5452961672473867 0.23295454545454544 0.156794425087108 0.18181818181818182
0 0.2926829268292683 0.24147727272727273 0.1254355400696864 0.14204545454545456
0 0.46689895470383275 0.4147727272727273 0.07665505226480836 0.22727272727272727
0 0.4634146341463415 0.6676136363636364 0.08362369337979095 0.08522727272727272
