2 0.41541666666666666 0.639375 0.07416666666666667 0.08
2 0.5775 0.59625 0.06166666666666667 0.05
2 0.5158333333333334 0.2228125 0.06666666666666667 0.030625
2 0.13958333333333334 0.2109375 0.08083333333333333 0.023125
2 0.6541666666666667 0.1984375 0.07 0.034375
2 0.7433333333333333 0.1025 0.06333333333333334 0.02125
0 0.8575 0.6853125 0.12333333333333334 0.029375
0 0.65125 0.234375 0.13083333333333333 0.03375
0 0.9366666666666666 0.2146875 0.085 0.025625
0 0.7845833333333333 0.474375 0.06416666666666666 0.0375
