0 0.5699745547073791 0.7696428571428572 0.183206106870229 0.075
0 0.5763358778625954 0.8803571428571428 0.06870229007633588 0.08214285714285714
0 0.1450381679389313 0.6892857142857143 0.08651399491094147 0.03571428571428571
0 0.1005089058524173 0.7785714285714286 0.16539440203562342 0.12142857142857143
0 0.062340966921119595 0.6321428571428571 0.06361323155216285 0.1357142857142857
0 0.10941475826972011 0.05892857142857143 0.1984732824427481 0.11071428571428571
0 0.03816793893129771 0.15 0.05597964376590331 0.08571428571428572
0 0.08396946564885496 0.32321428571428573 0.14249363867684478 0.08928571428571429
0 0.17048346055979643 0.44642857142857145 0.04071246819338423 0.08571428571428572
0 0.410941475826972 0.30714285714285716 0.11450381679389313 0.1
0 0.6017811704834606 0.16785714285714284 0.27735368956743 0.15
0 0.7582697201017812 0.2017857142857143 0.08651399491094147 0.10357142857142858
0 0.9694656488549618 0.10178571428571428 0.061068702290076333 0.08214285714285714
0 0.5063613231552163 0.4857142857142857 0.1475826972010178 0.12857142857142856
0 0.8702290076335878 0.34464285714285714 0.14249363867684478 0.06785714285714285
0 0.9440203562340967 0.44107142857142856 0.11195928753180662 0.04642857142857143
