1 0.24487179487179486 0.18392857142857144 0.07435897435897436 0.06785714285714285
1 0.20512820512820512 0.3392857142857143 0.08205128205128205 0.09285714285714286
1 0.3294871794871795 0.6125 0.08974358974358974 0.16785714285714284
1 0.34102564102564104 0.4357142857142857 0.08717948717948718 0.1
1 0.35 0.2857142857142857 0.10512820512820513 0.15
1 0.3923076923076923 0.16071428571428573 0.1794871794871795 0.07142857142857142
1 0.4666666666666667 0.26607142857142857 0.1641025641025641 0.1392857142857143
1 0.7038461538461539 0.8446428571428571 0.05897435897435897 0.06785714285714285
1 0.44358974358974357 0.475 0.1076923076923077 0.15714285714285714
1 0.6038461538461538 0.3464285714285714 0.08974358974358974 0.14285714285714285
1 0.48333333333333334 0.36607142857142855 0.0641025641025641 0.06785714285714285
1 0.5564102564102564 0.46785714285714286 0.11282051282051282 0.15714285714285714
1 0.6512820512820513 0.5410714285714285 0.05128205128205128 0.125
