0 0.05384615384615385 0.8125 0.10256410256410256 0.21785714285714286
0 0.21025641025641026 0.6321428571428571 0.24615384615384617 0.1357142857142857
0 0.08205128205128205 0.3482142857142857 0.08717948717948718 0.14642857142857144
0 0.07948717948717948 0.2017857142857143 0.10256410256410256 0.11071428571428571
0 0.5756410256410256 0.32321428571428573 0.1717948717948718 0.125
0 0.6653846153846154 0.7392857142857143 0.12564102564102564 0.37857142857142856
0 0.8576923076923076 0.75 0.2846153846153846 0.14285714285714285
0 0.8846153846153846 0.5321428571428571 0.23076923076923078 0.2571428571428571
0 0.7897435897435897 0.25357142857142856 0.13333333333333333 0.10714285714285714
0 0.9346153846153846 0.12678571428571428 0.03333333333333333 0.11785714285714285
0 0.7 0.1982142857142857 0.06153846153846154 0.075
0 0.22435897435897437 0.29464285714285715 0.11538461538461539 0.18928571428571428
