0 0.6628205128205128 0.275 0.09487179487179487 0.15714285714285714
0 0.7756410256410257 0.8267857142857142 0.0641025641025641 0.04642857142857143
0 0.8487179487179487 0.8660714285714286 0.08717948717948718 0.060714285714285714
0 0.42435897435897435 0.8928571428571429 0.04358974358974359 0.07142857142857142
0 0.2923076923076923 0.8303571428571429 0.1076923076923077 0.08928571428571429
0 0.17692307692307693 0.8446428571428571 0.041025641025641026 0.08214285714285714
0 0.30128205128205127 0.7732142857142857 0.05897435897435897 0.06785714285714285
0 0.3141025641025641 0.5642857142857143 0.11025641025641025 0.07857142857142857
0 0.2512820512820513 0.44821428571428573 0.035897435897435895 0.075
0 0.3730769230769231 0.2571428571428571 0.07435897435897436 0.05
0 0.5076923076923077 0.33214285714285713 0.05641025641025641 0.09285714285714286
0 0.5 0.14285714285714285 0.05641025641025641 0.10714285714285714
0 0.5769230769230769 0.16607142857142856 0.06666666666666667 0.060714285714285714
0 0.18461538461538463 0.11428571428571428 0.05128205128205128 0.07142857142857142
0 0.21794871794871795 0.2571428571428571 0.08717948717948718 0.11428571428571428
2 0.3038461538461538 0.15357142857142858 0.47435897435897434 0.3
2 0.49615384615384617 0.48214285714285715 0.32564102564102565 0.5142857142857142
0 0.708974358974359 0.6375 0.07435897435897436 0.04642857142857143
